ORBVIEW 2 (SEASTAR)     
1 24883U 97037A   13115.81445722  .00000217  00000-0  95796-4 0   165
2 24883  98.4457 231.8972 0001257 245.7058 269.1459 14.32617617835158
METEOSAT-7              
1 24932U 97049B   13113.97280631  .00000061  00000-0  00000+0 0  6098
2 24932   8.3243  52.7873 0001312  42.2347 164.8320  1.00270691 57296
NOAA 15                 
1 25338U 98030A   13115.57995230  .00000137  00000-0  77238-4 0  7048
2 25338  98.7221 106.0796 0009442 280.9744 218.1898 14.25203652777349
NOAA 16                 
1 26536U 00055A   13115.52218824  .00000064  00000-0  58918-4 0  1813
2 26536  99.0475 167.7532 0009458 283.6731 207.1565 14.12864260649138
GOES 12                 
1 26871U 01031A   13115.21201294 -.00000288  00000-0  00000+0 0   259
2 26871   2.9418  69.8750 0003656  14.5696 145.3441  1.00278204 43122
FENGYUN 1D              
1 27431U 02024B   13115.76822082 -.00000044  00000-0 -55719-6 0  1727
2 27431  98.8115  80.9354 0016011  29.5485 330.6582 14.09393536563219
NOAA 17                 
1 27453U 02032A   13115.61883875  .00000049  00000-0  38563-4 0  1034
2 27453  98.3143 132.4835 0010673 324.6984 182.6512 14.24582277563236
METEOSAT-8 (MSG-1)      
1 27509U 02040B   13115.09613492  .00000018  00000-0  00000+0 0  3446
2 27509   2.0185  62.4865 0001148  52.5913 136.3441  1.00271923 39112
KALPANA-1 (METSAT 1)    
1 27525U 02043A   13115.63405142 -.00000082  00000-0  00000+0 0  6814
2 27525   3.5411  67.2934 0003377 226.9570 221.7853  1.00271682 38915
INSAT-3A                
1 27714U 03013A   13114.87033639 -.00000262  00000-0  10000-3 0  6506
2 27714   0.0803  73.7498 0003155 279.5065 266.6097  1.00272569 36816
FENGYUN 2C              
1 28451U 04042A   13114.85340419 -.00000360  00000-0  10000-3 0  6658
2 28451   4.6303  62.9474 0001611  82.4170 138.3589  1.00278315 31166
HIMAWARI-6 (MTSAT-1R)   
1 28622U 05006A   13114.85824483 -.00000284  00000-0  10000-3 0  8711
2 28622   0.0206 308.1039 0001000 117.1995 236.7481  1.00271465 29860
NOAA 18                 
1 28654U 05018A   13115.57583411  .00000073  00000-0  65341-4 0  5870
2 28654  99.0952  83.0502 0014152   1.3321 129.8587 14.11802689408633
METEOSAT-9 (MSG-2)      
1 28912U 05049B   13115.09627213  .00000058  00000-0  00000+0 0  5179
2 28912   0.4602  28.6515 0001221 346.7020 241.8561  1.00269128 26960
MTSAT-2                 
1 28937U 06004A   13111.81677973 -.00000247  00000-0  00000+0 0  3890
2 28937   0.0260  87.5324 0004215 310.7002 250.8861  1.00270751 26318
FORMOSAT-3 FM6          
1 29047U 06011A   13114.84771411  .00000221  00000-0  10520-3 0   811
2 29047  71.9824  35.2211 0053031 242.6505 152.1720 14.27642786368579
FORMOSAT-3 FM1          
1 29048U 06011B   13115.85045319  .00000242  00000-0  11379-3 0  1621
2 29048  71.9696 306.9975 0045209 194.5118 248.6830 14.27641978371192
FORMOSAT-3 FM5          
1 29049U 06011C   13115.15335627  .00000154  00000-0  78505-4 0   995
2 29049  72.0198 105.3464 0037246 245.8235 188.0557 14.27654176366874
FORMOSAT-3 FM3          
1 29050U 06011D   13115.60219487  .00000533  00000-0  13019-3 0  4322
2 29050  72.0159 152.1374 0052497  19.2869 341.0253 14.55782526376040
FORMOSAT-3 FM4          
1 29051U 06011E   13114.82850212  .00000277  00000-0  12563-3 0  1531
2 29051  72.0085  12.6418 0067933 117.6836 275.5778 14.27663520369413
FORMOSAT-3 FM2          
1 29052U 06011F   13115.83256819  .00000269  00000-0  12426-3 0  1750
2 29052  72.0358  77.0885 0042029 211.7297 190.4729 14.27717103367861
GOES 13                 
1 29155U 06018A   13115.92964243 -.00000256  00000-0  10000-3 0  5205
2 29155   0.3047 262.3151 0003587 172.3021  39.5360  1.00272795 25384
METOP-A                 
1 29499U 06044A   13114.80565438  .00000042  00000-0  39421-4 0   255
2 29499  98.7179 175.1527 0000812 186.2255 173.8912 14.21485435337993
FENGYUN 2D              
1 29640U 06053A   13114.92400962 -.00000203  00000-0  10000-3 0  6624
2 29640   1.4911  72.3398 0001906  10.8022 189.1146  1.00277233 23415
FENGYUN 3A              
1 32958U 08026A   13115.74134173  .00000010  00000-0  24874-4 0  8724
2 32958  98.6094 182.3516 0009618 347.5444  12.5495 14.19340002254625
NOAA 19                 
1 33591U 09005A   13115.58046478  .00000066  00000-0  60598-4 0  7721
2 33591  98.9005  58.0696 0013519 214.5887 263.3308 14.11490068217078
GOES 14                 
1 35491U 09033A   13115.40571304 -.00000090  00000-0  00000+0 0  9261
2 35491   0.1308  83.8344 0002882 113.3701  56.9102  1.00272133 14043
METEOR-M 1              
1 35865U 09049A   13115.66026051 -.00000027  00000-0  71280-5 0  3960
2 35865  98.6074 169.3603 0001739 212.8301 147.2763 14.21883589187003
GOES 15                 
1 36411U 10008A   13115.11072293  .00000085  00000-0  10000-3 0  5409
2 36411   0.0829  86.0396 0001332 328.0088  63.8876  1.00265985 11541
COMS 1                  
1 36744U 10032A   13111.64951398 -.00000349  00000-0  10000-3 0  5584
2 36744   0.0062 146.4761 0000790 236.2794 189.1630  1.00272318 10476
FENGYUN 3B              
1 37214U 10059A   13115.90617168  .00000042  00000-0  41060-4 0  7293
2 37214  98.7975  61.0563 0000637 150.7526 209.3691 14.19329071128140
ELEKTRO-L 1 (GOMS 2)    
1 37344U 11001A   13114.98734358 -.00000102  00000-0  00000+0 0  5989
2 37344   0.0293 240.7225 0001568 230.7884 173.2620  1.00271466  8322
SUOMI NPP               
1 37849U 11061A   13114.85931961  .00000096  00000-0  66365-4 0  4723
2 37849  98.7498  54.0098 0001181 138.1762 255.1312 14.19539366 77250
FENGYUN 2F              
1 38049U 12002A   13115.92631715 -.00000363  00000-0  10000-3 0  3445
2 38049   1.3900 277.9935 0003520 252.9621 128.4990  1.00280431  4767
METOP-B                 
1 38771U 12049A   13114.70292367  .00000044  00000-0  40218-4 0  1908
2 38771  98.7069 175.7845 0001310   3.8876 356.2311 14.21475413 31110
